0 0.0296875 0.56640625 0.059375 0.69609375
0 0.0921875 0.5703125 0.11640625 0.71484375
0 0.171875 0.68828125 0.08046875 0.421875
0 0.22265625 0.62109375 0.0890625 0.58046875
0 0.28515625 0.5328125 0.0953125 0.74609375
0 0.35859375 0.46171875 0.1109375 0.84453125
0 0.45234375 0.51953125 0.0765625 0.74609375
0 0.54453125 0.49921875 0.09921875 0.78671875
0 0.63203125 0.51171875 0.090625 0.76796875
0 0.71328125 0.53828125 0.06484375 0.65703125
0 0.7890625 0.51171875 0.11796875 0.7421875
0 0.86328125 0.5484375 0.1296875 0.7203125