0 0.315625 0.80078125 0.4234375 0.0921875
0 0.30859375 0.70078125 0.4515625 0.125
0 0.253125 0.6046875 0.2984375 0.0671875
0 0.2421875 0.54375 0.3328125 0.14375
0 0.22890625 0.446875 0.3859375 0.1296875
0 0.21953125 0.34140625 0.3765625 0.078125
0 0.2296875 0.240625 0.3609375 0.0890625
0 0.2203125 0.15859375 0.365625 0.084375
0 0.47578125 0.871875 0.2390625 0.0453125
0 0.44296875 0.3578125 0.0734375 0.53125
0 0.58671875 0.12265625 0.234375 0.0875
0 0.72421875 0.425 0.50625 0.1046875
0 0.725 0.3140625 0.5078125 0.096875
0 0.77265625 0.21875 0.3625 0.1
0 0.7578125 0.54609375 0.471875 0.1046875
0 0.7671875 0.73984375 0.453125 0.109375
0 0.7515625 0.65546875 0.4875 0.075
0 0.78828125 0.84296875 0.4 0.0921875