0 0.94375 0.521875 0.09296875 0.95
0 0.05703125 0.47265625 0.1140625 0.9453125
0 0.1375 0.4640625 0.16484375 0.92734375
0 0.19609375 0.4953125 0.10546875 0.990625
0 0.275 0.50859375 0.09609375 0.91796875
0 0.3421875 0.48671875 0.09140625 0.9734375
0 0.42734375 0.4625 0.09765625 0.92421875
0 0.48125 0.4953125 0.09140625 0.990625
0 0.54453125 0.52109375 0.11484375 0.9578125
0 0.61640625 0.52578125 0.10234375 0.91171875
0 0.6953125 0.57109375 0.08984375 0.84296875
0 0.75546875 0.48125 0.11328125 0.9625
0 0.84765625 0.4734375 0.10703125 0.946875