0 0.278125 0.82109375 0.459375 0.1
0 0.2703125 0.7125 0.48984375 0.1359375
0 0.21015625 0.60859375 0.3234375 0.07265625
0 0.1984375 0.5421875 0.3609375 0.15625
0 0.196875 0.43671875 0.39296875 0.140625
0 0.1890625 0.321875 0.378125 0.084375
0 0.18984375 0.2125 0.3796875 0.096875
0 0.18671875 0.1234375 0.37265625 0.09140625
0 0.4515625 0.8984375 0.259375 0.04921875
0 0.41640625 0.340625 0.0796875 0.5765625
0 0.571875 0.0859375 0.25390625 0.09453125
0 0.72109375 0.41328125 0.54921875 0.11328125
0 0.721875 0.29296875 0.55078125 0.10546875
0 0.7734375 0.18984375 0.39296875 0.10859375
0 0.75078125 0.54453125 0.4984375 0.11328125
0 0.7609375 0.75390625 0.478125 0.11875
0 0.74296875 0.6625 0.51328125 0.08125
0 0.7859375 0.8671875 0.428125 0.1