0 0.2890625 0.79765625 0.446875 0.09765625
0 0.28125 0.6921875 0.4765625 0.13203125
0 0.22265625 0.590625 0.31484375 0.07109375
0 0.2109375 0.5265625 0.3515625 0.1515625
0 0.20078125 0.4234375 0.40078125 0.13671875
0 0.19296875 0.31171875 0.3859375 0.0828125
0 0.19765625 0.20625 0.38125 0.09375
0 0.190625 0.11875 0.38125 0.0890625
0 0.4578125 0.87265625 0.25234375 0.04765625
0 0.4234375 0.3296875 0.07734375 0.5609375
0 0.575 0.08203125 0.24765625 0.0921875
0 0.7203125 0.40078125 0.534375 0.1109375
0 0.72109375 0.28359375 0.5359375 0.10234375
0 0.77109375 0.1828125 0.3828125 0.10546875
0 0.753125 0.52890625 0.49375 0.1109375
0 0.76328125 0.7328125 0.4734375 0.115625
0 0.7453125 0.64296875 0.509375 0.0796875
0 0.78828125 0.8421875 0.42265625 0.09765625