0 0.9375 0.51875 0.0921875 0.94375
0 0.05703125 0.46953125 0.1140625 0.9390625
0 0.13671875 0.4609375 0.1640625 0.921875
0 0.19453125 0.4921875 0.1046875 0.984375
0 0.2734375 0.50546875 0.0953125 0.9125
0 0.33984375 0.48359375 0.090625 0.9671875
0 0.425 0.459375 0.096875 0.91875
0 0.478125 0.4921875 0.090625 0.984375
0 0.54140625 0.52109375 0.1140625 0.9578125
0 0.6125 0.52265625 0.1015625 0.90625
0 0.690625 0.5671875 0.0890625 0.8375
0 0.75078125 0.478125 0.1125 0.95625
0 0.8421875 0.4703125 0.10625 0.940625