0 0.0375 0.51015625 0.075 0.5203125
0 0.075 0.52734375 0.0625 0.4984375
0 0.1671875 0.49296875 0.103125 0.5125
0 0.1375 0.4890625 0.05625 0.51796875
0 0.21171875 0.47578125 0.1234375 0.5
0 0.28515625 0.525 0.046875 0.546875
0 0.36640625 0.6078125 0.0671875 0.70390625
0 0.41328125 0.58515625 0.0546875 0.6109375
0 0.5328125 0.60078125 0.1140625 0.68515625
0 0.484375 0.53125 0.1203125 0.47421875
0 0.5890625 0.4890625 0.06875 0.5078125
0 0.6390625 0.53125 0.07890625 0.47421875
0 0.68671875 0.546875 0.0484375 0.57265625
0 0.72578125 0.528125 0.05 0.55
0 0.76953125 0.56875 0.05 0.65625
0 0.81796875 0.43203125 0.07421875 0.40859375
0 0.84453125 0.453125 0.0625 0.4375
0 0.90078125 0.50078125 0.07890625 0.47578125
0 0.96171875 0.48515625 0.0578125 0.51484375