0 0.03046875 0.53046875 0.0609375 0.52109375
0 0.06015625 0.546875 0.0625 0.4984375
0 0.15234375 0.51171875 0.103125 0.5125
0 0.12265625 0.5078125 0.05625 0.51796875
0 0.196875 0.4953125 0.1234375 0.5
0 0.27109375 0.54453125 0.046875 0.546875
0 0.35234375 0.62734375 0.0671875 0.70390625
0 0.3984375 0.6046875 0.0546875 0.6109375
0 0.51875 0.61953125 0.1140625 0.68515625
0 0.4703125 0.55078125 0.1203125 0.47421875
0 0.575 0.5078125 0.06875 0.5078125
0 0.62421875 0.55078125 0.07890625 0.47421875
0 0.671875 0.565625 0.0484375 0.57265625
0 0.71171875 0.54765625 0.05 0.55
0 0.7546875 0.58828125 0.05 0.65625
0 0.80390625 0.45078125 0.07421875 0.40859375
0 0.83046875 0.47265625 0.0625 0.4375
0 0.88671875 0.5203125 0.07890625 0.47578125
0 0.946875 0.5046875 0.0578125 0.51484375