0 0.0421875 0.51953125 0.084375 0.50625
0 0.08359375 0.534375 0.0609375 0.484375
0 0.1734375 0.50078125 0.1 0.4984375
0 0.14453125 0.496875 0.0546875 0.503125
0 0.21640625 0.484375 0.1203125 0.4859375
0 0.28828125 0.53203125 0.0453125 0.53125
0 0.3671875 0.6125 0.065625 0.684375
0 0.4125 0.590625 0.053125 0.59375
0 0.52890625 0.60546875 0.1109375 0.665625
0 0.48203125 0.53828125 0.1171875 0.4609375
0 0.58359375 0.496875 0.0671875 0.49375
0 0.63203125 0.53828125 0.0765625 0.4609375
0 0.678125 0.553125 0.046875 0.55625
0 0.71640625 0.53515625 0.0484375 0.534375
0 0.75859375 0.575 0.0484375 0.6375
0 0.80625 0.44140625 0.071875 0.396875
0 0.83203125 0.4625 0.0609375 0.425
0 0.88671875 0.50859375 0.0765625 0.4625
0 0.9453125 0.49375 0.05625 0.5